  Tukey multiple comparisons of means
    95% family-wise confidence level

Fit: aov(formula = gsiList ~ type, data = tempStatDataframe)

$type
                              diff          lwr          upr     p adj
align25-align100      0.0148140147  0.004637785  0.024990245 0.0000456
align50-align100      0.1973915316  0.187215302  0.207567761 0.0000000
align75-align100      0.0700464043  0.059870174  0.080222634 0.0000000
attract100-align100   0.7968975825  0.786721353  0.807073812 0.0000000
attract25-align100    0.7204230434  0.710246814  0.730599273 0.0000000
attract50-align100    0.7827559666  0.772579737  0.792932197 0.0000000
attract75-align100    0.7913172727  0.781141043  0.801493503 0.0000000
avoid100-align100     0.0303937565  0.020217527  0.040569986 0.0000000
avoid25-align100      0.1153596298  0.105183400  0.125535860 0.0000000
avoid50-align100      0.0913551457  0.081178916  0.101531376 0.0000000
avoid75-align100      0.2016454499  0.191469220  0.211821680 0.0000000
boid100-align100      0.7962163124  0.786040082  0.806392542 0.0000000
boid25-align100       0.7535837275  0.743407498  0.763759957 0.0000000
boid50-align100       0.7652384037  0.755062174  0.775414634 0.0000000
boid75-align100       0.7327461349  0.722569905  0.742922365 0.0000000
ligh25-align100       0.7370156720  0.726839442  0.747191902 0.0000000
light100-align100     0.7671654308  0.756989201  0.777341661 0.0000000
light50-align100      0.7609785964  0.750802366  0.771154826 0.0000000
light75-align100      0.7623693158  0.752193086  0.772545546 0.0000000
align50-align25       0.1825775169  0.172401287  0.192753747 0.0000000
align75-align25       0.0552323896  0.045056160  0.065408619 0.0000000
attract100-align25    0.7820835678  0.771907338  0.792259798 0.0000000
attract25-align25     0.7056090288  0.695432799  0.715785259 0.0000000
attract50-align25     0.7679419520  0.757765722  0.778118182 0.0000000
attract75-align25     0.7765032581  0.766327028  0.786679488 0.0000000
avoid100-align25      0.0155797419  0.005403512  0.025755972 0.0000108
avoid25-align25       0.1005456151  0.090369385  0.110721845 0.0000000
avoid50-align25       0.0765411310  0.066364901  0.086717361 0.0000000
avoid75-align25       0.1868314352  0.176655205  0.197007665 0.0000000
boid100-align25       0.7814022977  0.771226068  0.791578528 0.0000000
boid25-align25        0.7387697128  0.728593483  0.748945943 0.0000000
boid50-align25        0.7504243891  0.740248159  0.760600619 0.0000000
boid75-align25        0.7179321202  0.707755890  0.728108350 0.0000000
ligh25-align25        0.7222016573  0.712025427  0.732377887 0.0000000
light100-align25      0.7523514162  0.742175186  0.762527646 0.0000000
light50-align25       0.7461645817  0.735988352  0.756340812 0.0000000
light75-align25       0.7475553011  0.737379071  0.757731531 0.0000000
align75-align50      -0.1273451273 -0.137521357 -0.117168897 0.0000000
attract100-align50    0.5995060509  0.589329821  0.609682281 0.0000000
attract25-align50     0.5230315119  0.512855282  0.533207742 0.0000000
attract50-align50     0.5853644350  0.575188205  0.595540665 0.0000000
attract75-align50     0.5939257411  0.583749511  0.604101971 0.0000000
avoid100-align50     -0.1669977750 -0.177174005 -0.156821545 0.0000000
avoid25-align50      -0.0820319018 -0.092208132 -0.071855672 0.0000000
avoid50-align50      -0.1060363859 -0.116212616 -0.095860156 0.0000000
avoid75-align50       0.0042539183 -0.005922312  0.014430148 0.9958017
boid100-align50       0.5988247808  0.588648551  0.609001011 0.0000000
boid25-align50        0.5561921959  0.546015966  0.566368426 0.0000000
boid50-align50        0.5678468722  0.557670642  0.578023102 0.0000000
boid75-align50        0.5353546033  0.525178373  0.545530833 0.0000000
ligh25-align50        0.5396241404  0.529447911  0.549800370 0.0000000
light100-align50      0.5697738993  0.559597669  0.579950129 0.0000000
light50-align50       0.5635870648  0.553410835  0.573763295 0.0000000
light75-align50       0.5649777842  0.554801554  0.575154014 0.0000000
attract100-align75    0.7268511782  0.716674948  0.737027408 0.0000000
attract25-align75     0.6503766392  0.640200409  0.660552869 0.0000000
attract50-align75     0.7127095624  0.702533332  0.722885792 0.0000000
attract75-align75     0.7212708685  0.711094639  0.731447098 0.0000000
avoid100-align75     -0.0396526477 -0.049828878 -0.029476418 0.0000000
avoid25-align75       0.0453132255  0.035136996  0.055489455 0.0000000
avoid50-align75       0.0213087414  0.011132511  0.031484971 0.0000000
avoid75-align75       0.1315990456  0.121422816  0.141775276 0.0000000
boid100-align75       0.7261699081  0.715993678  0.736346138 0.0000000
boid25-align75        0.6835373232  0.673361093  0.693713553 0.0000000
boid50-align75        0.6951919995  0.685015770  0.705368229 0.0000000
boid75-align75        0.6626997306  0.652523501  0.672875961 0.0000000
ligh25-align75        0.6669692677  0.656793038  0.677145498 0.0000000
light100-align75      0.6971190266  0.686942797  0.707295256 0.0000000
light50-align75       0.6909321921  0.680755962  0.701108422 0.0000000
light75-align75       0.6923229115  0.682146682  0.702499141 0.0000000
attract25-attract100 -0.0764745390 -0.086650769 -0.066298309 0.0000000
attract50-attract100 -0.0141416159 -0.024317846 -0.003965386 0.0001525
attract75-attract100 -0.0055803098 -0.015756540  0.004595920 0.9242831
avoid100-attract100  -0.7665038259 -0.776680056 -0.756327596 0.0000000
avoid25-attract100   -0.6815379527 -0.691714183 -0.671361723 0.0000000
avoid50-attract100   -0.7055424368 -0.715718667 -0.695366207 0.0000000
avoid75-attract100   -0.5952521326 -0.605428362 -0.585075903 0.0000000
boid100-attract100   -0.0006812701 -0.010857500  0.009494960 1.0000000
boid25-attract100    -0.0433138550 -0.053490085 -0.033137625 0.0000000
boid50-attract100    -0.0316591787 -0.041835409 -0.021482949 0.0000000
boid75-attract100    -0.0641514476 -0.074327677 -0.053975218 0.0000000
ligh25-attract100    -0.0598819105 -0.070058140 -0.049705681 0.0000000
light100-attract100  -0.0297321516 -0.039908382 -0.019555922 0.0000000
light50-attract100   -0.0359189861 -0.046095216 -0.025742756 0.0000000
light75-attract100   -0.0345282667 -0.044704497 -0.024352037 0.0000000
attract50-attract25   0.0623329232  0.052156693  0.072509153 0.0000000
attract75-attract25   0.0708942293  0.060717999  0.081070459 0.0000000
avoid100-attract25   -0.6900292869 -0.700205517 -0.679853057 0.0000000
avoid25-attract25    -0.6050634137 -0.615239644 -0.594887184 0.0000000
avoid50-attract25    -0.6290678978 -0.639244128 -0.618891668 0.0000000
avoid75-attract25    -0.5187775935 -0.528953823 -0.508601364 0.0000000
boid100-attract25     0.0757932689  0.065617039  0.085969499 0.0000000
boid25-attract25      0.0331606841  0.022984454  0.043336914 0.0000000
boid50-attract25      0.0448153603  0.034639130  0.054991590 0.0000000
boid75-attract25      0.0123230915  0.002146862  0.022499321 0.0029263
ligh25-attract25      0.0165926286  0.006416399  0.026768858 0.0000014
light100-attract25    0.0467423874  0.036566158  0.056918617 0.0000000
light50-attract25     0.0405555529  0.030379323  0.050731783 0.0000000
light75-attract25     0.0419462724  0.031770042  0.052122502 0.0000000
attract75-attract50   0.0085613061 -0.001614924  0.018737536 0.2415189
avoid100-attract50   -0.7523622101 -0.762538440 -0.742185980 0.0000000
avoid25-attract50    -0.6673963369 -0.677572567 -0.657220107 0.0000000
avoid50-attract50    -0.6914008210 -0.701577051 -0.681224591 0.0000000
avoid75-attract50    -0.5811105167 -0.591286747 -0.570934287 0.0000000
boid100-attract50     0.0134603457  0.003284116  0.023636576 0.0004869
boid25-attract50     -0.0291722391 -0.039348469 -0.018996009 0.0000000
boid50-attract50     -0.0175175629 -0.027693793 -0.007341333 0.0000002
boid75-attract50     -0.0500098317 -0.060186062 -0.039833602 0.0000000
ligh25-attract50     -0.0457402946 -0.055916525 -0.035564065 0.0000000
light100-attract50   -0.0155905358 -0.025766766 -0.005414306 0.0000105
light50-attract50    -0.0217773702 -0.031953600 -0.011601140 0.0000000
light75-attract50    -0.0203866508 -0.030562881 -0.010210421 0.0000000
avoid100-attract75   -0.7609235162 -0.771099746 -0.750747286 0.0000000
avoid25-attract75    -0.6759576430 -0.686133873 -0.665781413 0.0000000
avoid50-attract75    -0.6999621271 -0.710138357 -0.689785897 0.0000000
avoid75-attract75    -0.5896718228 -0.599848053 -0.579495593 0.0000000
boid100-attract75     0.0048990396 -0.005277190  0.015075270 0.9786217
boid25-attract75     -0.0377335452 -0.047909775 -0.027557315 0.0000000
boid50-attract75     -0.0260788690 -0.036255099 -0.015902639 0.0000000
boid75-attract75     -0.0585711378 -0.068747368 -0.048394908 0.0000000
ligh25-attract75     -0.0543016007 -0.064477831 -0.044125371 0.0000000
light100-attract75   -0.0241518419 -0.034328072 -0.013975612 0.0000000
light50-attract75    -0.0303386763 -0.040514906 -0.020162446 0.0000000
light75-attract75    -0.0289479569 -0.039124187 -0.018771727 0.0000000
avoid25-avoid100      0.0849658732  0.074789643  0.095142103 0.0000000
avoid50-avoid100      0.0609613891  0.050785159  0.071137619 0.0000000
avoid75-avoid100      0.1712516934  0.161075463  0.181427923 0.0000000
boid100-avoid100      0.7658225558  0.755646326  0.775998786 0.0000000
boid25-avoid100       0.7231899710  0.713013741  0.733366201 0.0000000
boid50-avoid100       0.7348446472  0.724668417  0.745020877 0.0000000
boid75-avoid100       0.7023523784  0.692176148  0.712528608 0.0000000
ligh25-avoid100       0.7066219155  0.696445686  0.716798145 0.0000000
light100-avoid100     0.7367716743  0.726595444  0.746947904 0.0000000
light50-avoid100      0.7305848398  0.720408610  0.740761070 0.0000000
light75-avoid100      0.7319755593  0.721799329  0.742151789 0.0000000
avoid50-avoid25      -0.0240044841 -0.034180714 -0.013828254 0.0000000
avoid75-avoid25       0.0862858201  0.076109590  0.096462050 0.0000000
boid100-avoid25       0.6808566826  0.670680453  0.691032912 0.0000000
boid25-avoid25        0.6382240977  0.628047868  0.648400328 0.0000000
boid50-avoid25        0.6498787740  0.639702544  0.660055004 0.0000000
boid75-avoid25        0.6173865051  0.607210275  0.627562735 0.0000000
ligh25-avoid25        0.6216560422  0.611479812  0.631832272 0.0000000
light100-avoid25      0.6518058011  0.641629571  0.661982031 0.0000000
light50-avoid25       0.6456189666  0.635442737  0.655795197 0.0000000
light75-avoid25       0.6470096860  0.636833456  0.657185916 0.0000000
avoid75-avoid50       0.1102903043  0.100114074  0.120466534 0.0000000
boid100-avoid50       0.7048611667  0.694684937  0.715037397 0.0000000
boid25-avoid50        0.6622285819  0.652052352  0.672404812 0.0000000
boid50-avoid50        0.6738832581  0.663707028  0.684059488 0.0000000
boid75-avoid50        0.6413909892  0.631214759  0.651567219 0.0000000
ligh25-avoid50        0.6456605263  0.635484296  0.655836756 0.0000000
light100-avoid50      0.6758102852  0.665634055  0.685986515 0.0000000
light50-avoid50       0.6696234507  0.659447221  0.679799681 0.0000000
light75-avoid50       0.6710141702  0.660837940  0.681190400 0.0000000
boid100-avoid75       0.5945708624  0.584394633  0.604747092 0.0000000
boid25-avoid75        0.5519382776  0.541762048  0.562114507 0.0000000
boid50-avoid75        0.5635929538  0.553416724  0.573769184 0.0000000
boid75-avoid75        0.5311006850  0.520924455  0.541276915 0.0000000
ligh25-avoid75        0.5353702221  0.525193992  0.545546452 0.0000000
light100-avoid75      0.5655199809  0.555343751  0.575696211 0.0000000
light50-avoid75       0.5593331465  0.549156917  0.569509376 0.0000000
light75-avoid75       0.5607238659  0.550547636  0.570900096 0.0000000
boid25-boid100       -0.0426325848 -0.052808815 -0.032456355 0.0000000
boid50-boid100       -0.0309779086 -0.041154139 -0.020801679 0.0000000
boid75-boid100       -0.0634701775 -0.073646407 -0.053293948 0.0000000
ligh25-boid100       -0.0592006404 -0.069376870 -0.049024410 0.0000000
light100-boid100     -0.0290508815 -0.039227111 -0.018874652 0.0000000
light50-boid100      -0.0352377160 -0.045413946 -0.025061486 0.0000000
light75-boid100      -0.0338469965 -0.044023226 -0.023670767 0.0000000
boid50-boid25         0.0116546762  0.001478446  0.021830906 0.0076780
boid75-boid25        -0.0208375926 -0.031013823 -0.010661363 0.0000000
ligh25-boid25        -0.0165680555 -0.026744285 -0.006391826 0.0000015
light100-boid25       0.0135817033  0.003405473  0.023757933 0.0003977
light50-boid25        0.0073948689 -0.002781361  0.017571099 0.5244563
light75-boid25        0.0087855883 -0.001390642  0.018961818 0.2005918
boid75-boid50        -0.0324922688 -0.042668499 -0.022316039 0.0000000
ligh25-boid50        -0.0282227317 -0.038398962 -0.018046502 0.0000000
light100-boid50       0.0019270271 -0.008249203  0.012103257 1.0000000
light50-boid50       -0.0042598074 -0.014436037  0.005916423 0.9957292
light75-boid50       -0.0028690879 -0.013045318  0.007307142 0.9999845
ligh25-boid75         0.0042695371 -0.005906693  0.014445767 0.9956072
light100-boid75       0.0344192959  0.024243066  0.044595526 0.0000000
light50-boid75        0.0282324615  0.018056232  0.038408691 0.0000000
light75-boid75        0.0296231809  0.019446951  0.039799411 0.0000000
light100-ligh25       0.0301497588  0.019973529  0.040325989 0.0000000
light50-ligh25        0.0239629244  0.013786694  0.034139154 0.0000000
light75-ligh25        0.0253536438  0.015177414  0.035529874 0.0000000
light50-light100     -0.0061868345 -0.016363064  0.003989395 0.8278910
light75-light100     -0.0047961150 -0.014972345  0.005380115 0.9829917
light75-light50       0.0013907194 -0.008785510  0.011566949 1.0000000

